4.01607 3.12375
2.90063 1.89433
2.67478 2.03338
2.39011 2.58538
1.7518 1.55466
1.95871 4.05579
1.3204 3.02507
2.4027 3.24595
2.40811 3.17154
1.29267 1.94212
3.07558 2.3334
1.92676 1.99374
2.24457 2.45028
2.21684 1.36732
1.93217 1.91932
0.658502 1.43582
2.44679 4.24178
1.33135 3.01236
2.25551 2.43757
1.97084 2.98956
0.69718 2.50606
2.91715 2.60725
1.64349 2.12374
2.72127 3.4464
2.98572 2.93796
1.87027 1.70854
1.72948 3.41433
1.09531 2.90803
1.41764 2.2628
1.64442 1.8476
1.35975 2.3996
0.721448 1.36888
3.05486 2.0341
2.41655 1.00339
2.59151 1.44246
2.59692 1.36804
1.32325 0.884539
2.82717 3.17298
1.5535 2.68947
1.95163 3.09144
2.21608 2.58301
1.57777 1.5523
3.49434 2.32604
2.40104 2.20719
2.6358 2.91036
2.66007 1.77318
2.66548 1.69876
1.55004 0.469341
3.67352 2.85581
2.52469 2.51615
2.09329 3.98656
2.06556 2.9036
1.43139 2.3973
2.30033 3.60677
1.66616 3.10047
2.61247 2.71815
2.83925 2.30295
1.69042 1.96329
2.84702 1.87092
1.75372 1.75207
1.98397 3.55701
2.00824 2.41983
1.9805 1.33687
1.69583 1.88887
0.569388 0.709119
4.34564 3.22735
3.2302 1.99793
3.00435 2.13699
2.71968 2.68899
2.08137 1.65827
3.576 2.8724
2.9377 1.84169
4.02 2.06257
4.02541 1.98815
2.90996 0.758731
4.19918 2.59234
3.05035 2.25268
3.36816 2.70922
3.34043 1.62626
3.05576 2.17826
1.92932 0.998509
4.33189 3.04198
3.21645 1.81256
3.64691 2.68009
3.36224 3.23209
2.2358 2.05234
4.03858 3.35556
2.91213 2.17581
3.68425 3.14938
4.12856 2.6753
3.01312 1.44588
3.03893 2.37123
2.05829 2.61101
2.68628 2.31486
2.78727 1.58494
2.5026 2.13694
1.86429 1.10622
2.09454 3.91407
1.45623 2.88336
2.42521 3.47776
2.43062 3.40335
1.30417 2.22359
2.93084 4.7025
1.8044 3.52275
1.62689 4.08142
2.0712 3.60734
1.43289 2.57663
2.22835 3.85693
2.07629 3.19717
2.8867 3.74363
2.51519 2.79751
2.5206 2.72309
1.40516 1.49367
2.90123 2.94438
1.7524 2.60471
2.60872 2.78813
2.58099 1.70517
1.60034 1.94495
3.3914 2.25163
2.41075 2.49141
3.08708 2.61488
3.18807 1.88496
2.03924 1.54529
2.3804 2.30856
2.22834 1.6488
2.72856 2.94795
2.35705 2.00183
2.32932 0.91888
2.04465 1.47088
0.770988 0.987372
3.4063 4.71206
2.29086 3.48264
3.21502 2.90785
2.93035 3.45984
1.65669 2.97634
3.5951 2.90857
2.32144 2.42506
3.39922 3.74772
3.66367 3.23928
2.54822 2.00986
3.06375 4.44413
2.42958 3.93782
2.75191 3.29259
2.97869 2.8774
2.69402 3.42939
1.56758 2.24964
4.42622 3.44148
3.31078 2.21206
3.74124 3.07959
3.45657 3.63159
2.33013 2.45184
2.83143 4.85668
1.70498 3.67692
2.4771 4.6505
2.92141 4.17642
1.80597 2.947
2.9818 3.1585
2.00115 3.39828
2.62915 3.10213
2.73013 2.37221
2.44546 2.92421
1.1718 2.4407
3.60669 3.58331
2.33302 3.09981
3.10591 4.06129
3.37035 3.55286
2.24391 2.37311
4.40288 3.24927
3.27644 2.06952
2.94746 3.01597
3.39177 2.54189
2.11811 2.05839
3.10514 4.07338
3.01603 3.34668
4.35422 3.39218
3.19589 3.38104
3.46034 2.87261
2.34489 1.64319
2.11335 4.04131
1.47918 3.53501
2.14393 2.98374
2.37071 2.56854
1.39006 2.80831
3.70891 2.61403
2.72826 2.85381
2.10312 4.07889
2.2041 3.34897
1.56993 2.84267
2.10717 3.23886
2.01806 2.51216
3.05059 2.20858
1.89226 2.19744
2.11904 1.78224
1.83437 2.33424
1.19607 1.30352
3.26304 2.84272
2.62473 1.812
2.79968 2.25108
2.80509 2.17666
1.53143 1.69316
2.84377 3.24691
1.57011 2.7634
1.96824 3.16537
2.23268 2.65694
1.59437 1.62622
3.39762 2.77349
2.30432 2.65465
2.53908 3.35781
2.56335 2.22063
2.56876 2.14621
1.44231 0.966461
3.26521 2.35335
2.6269 1.32264
3.59588 1.91704
3.60129 1.84263
2.47484 0.662874
3.90777 2.89645
2.78132 1.7167
2.60381 2.27538
3.04812 1.8013
2.40982 0.770583
2.29793 2.26908
2.14587 1.60932
2.95628 2.15578
2.58477 1.20966
2.59018 1.13524
1.31651 0.651737
3.30532 3.47581
2.03165 2.99231
2.80454 3.9538
3.06899 3.44536
1.94254 2.26561
3.83154 3.64756
2.70509 2.46781
2.37612 3.41425
2.82043 2.94018
1.54676 2.45667
1.85414 3.55098
1.76503 2.82429
3.10322 2.86978
1.9449 2.85864
2.20934 2.35021
1.57103 1.31949
3.39685 2.78558
2.30354 2.66673
2.34222 3.73697
2.36649 2.5998
2.21443 1.94003
3.70469 2.64529
3.55263 1.98553
3.85911 3.03936
3.4876 2.09324
2.3943 1.97439
3.11395 3.21319
3.02484 2.48649
3.78739 2.68869
2.62906 2.67755
2.65333 1.54037
2.65874 1.46596
1.5433 0.236538
3.33824 2.78066
2.18941 2.44099
1.75801 3.9114
1.73028 2.82845
1.09611 2.32214
1.76896 3.89869
1.13479 3.39239
2.0811 3.01007
2.30788 2.59487
1.15906 2.25521
2.85416 1.88972
1.76086 1.77087
1.99111 3.5758
2.01538 2.43862
1.98765 1.35567
1.007 1.59545
3.64608 2.64037
2.49725 2.3007
3.35357 2.48412
3.32584 1.40116
2.34519 1.64094
3.63232 2.45499
2.65167 2.69477
3.32801 2.81824
3.42899 2.08832
2.28017 1.74865
1.87211 3.52579
1.72005 2.86603
2.22028 4.16518
1.84877 3.21906
1.82104 2.13611
1.18686 1.6298
2.54069 3.3749
1.90652 2.8686
2.57127 2.31733
2.79805 1.90213
1.81741 2.14191
3.56061 2.10433
2.57996 2.3441
1.95481 3.56919
2.0558 2.83927
1.42163 2.33297
2.58285 2.99207
2.49374 2.26537
3.52627 1.96179
2.36794 1.95065
2.59472 1.53545
1.4459 1.19579
2.81741 2.14484
1.7241 2.02599
1.76278 3.09624
1.78705 1.95906
1.63499 1.2993
2.81958 1.65547
2.66752 0.99571
2.974 2.04954
2.60249 1.10342
1.50919 0.984574
2.22433 3.32515
2.13522 2.59845
2.89777 2.80065
1.73944 2.78951
1.76371 1.65233
1.73598 0.569375
1.45131 1.12137
0.700257 0.212048
