0 1 0.519258 0.320696
0 1 0.614101 0.208767
0 1 0.645571 0.152891
0 1 0.654523 0.116098
0 1 0.656954 0.0890509
0 1 0.657606 0.0684907
0 1 0.65778 0.0527158
0 1 0.573494 0.256298
0 1 0.678243 0.166845
0 1 0.713 0.122189
0 1 0.722887 0.0927848
0 1 0.725573 0.071169
0 1 0.726293 0.0547374
0 1 0.580803 0.22338
0 1 0.686887 0.145416
0 1 0.722087 0.106496
0 1 0.7321 0.0808678
0 1 0.73482 0.0620282
0 1 0.581697 0.196868
0 1 0.687944 0.128157
0 1 0.723198 0.0938563
0 1 0.733226 0.07127
0 1 0.581804 0.173737
0 1 0.688071 0.1131
0 1 0.723332 0.0828288
0 1 0.581817 0.153349
0 1 0.688086 0.0998275
0 1 0.581819 0.135357
0 1 0.535955 0.458137
0 1 0.646097 0.266559
0 1 0.700093 0.172546
0 1 0.722762 0.117228
0 1 0.731654 0.0812249
0 1 0.735048 0.0567084
0 1 0.73633 0.0397062
0 1 0.736812 0.0278319
0 1 0.556729 0.275266
0 1 0.658415 0.179193
0 1 0.692157 0.131232
0 1 0.701755 0.0996515
0 1 0.704361 0.076436
0 1 0.70506 0.0587883
0 1 0.705247 0.0452481
0 1 0.614879 0.219991
0 1 0.727187 0.14321
0 1 0.764452 0.10488
0 1 0.775053 0.0796409
0 1 0.777932 0.0610872
0 1 0.778704 0.0469833
0 1 0.622716 0.191736
0 1 0.736455 0.124816
0 1 0.774195 0.0914096
0 1 0.78493 0.0694121
0 1 0.787846 0.0532413
0 1 0.623673 0.16898
0 1 0.737587 0.110003
0 1 0.775385 0.0805606
0 1 0.786138 0.0611739
0 1 0.623789 0.149126
0 1 0.737724 0.097078
0 1 0.775529 0.0710953
0 1 0.623803 0.131626
0 1 0.73774 0.085686
0 1 0.623804 0.116182
0 1 0.574631 0.393237
0 1 0.69272 0.228799
0 1 0.750613 0.148103
0 1 0.774919 0.100622
0 1 0.784452 0.0697186
0 1 0.78809 0.0486751
0 1 0.789465 0.0340815
0 1 0.559914 0.251881
0 1 0.662182 0.16397
0 1 0.696116 0.120083
0 1 0.705769 0.0911856
0 1 0.708391 0.0699424
0 1 0.709094 0.053794
0 1 0.709282 0.0414041
0 1 0.618397 0.201302
0 1 0.731347 0.131044
0 1 0.768825 0.09597
0 1 0.779486 0.0728751
0 1 0.782382 0.0558976
0 1 0.783158 0.0429919
0 1 0.626278 0.175447
0 1 0.740668 0.114213
0 1 0.778624 0.0836439
0 1 0.789421 0.0635152
0 1 0.792353 0.0487182
0 1 0.627241 0.154624
0 1 0.741807 0.100657
0 1 0.779821 0.0737166
0 1 0.790635 0.0559769
0 1 0.627357 0.136457
0 1 0.741944 0.0888308
0 1 0.779966 0.0650554
0 1 0.627371 0.120444
0 1 0.741961 0.0784066
0 1 0.577918 0.35983
0 1 0.696683 0.209361
0 1 0.754907 0.135521
0 1 0.779352 0.0920733
0 1 0.788939 0.0637957
0 1 0.792599 0.0445399
0 1 0.560166 0.231697
0 1 0.662481 0.15083
0 1 0.69643 0.110461
0 1 0.706087 0.0838785
0 1 0.70871 0.0643376
0 1 0.709414 0.0494832
0 1 0.709602 0.0380862
0 1 0.618676 0.185171
0 1 0.731677 0.120542
0 1 0.769172 0.0882795
0 1 0.779838 0.0670352
0 1 0.782735 0.0514182
0 1 0.783512 0.0395467
0 1 0.62656 0.161388
0 1 0.741002 0.10506
0 1 0.778975 0.0769411
0 1 0.789777 0.0584254
0 1 0.792711 0.0448142
0 1 0.627524 0.142233
0 1 0.742141 0.0925912
0 1 0.780173 0.0678094
0 1 0.790991 0.0514912
0 1 0.62764 0.125522
0 1 0.742279 0.0817124
0 1 0.780318 0.0598422
0 1 0.578179 0.330995
0 1 0.696997 0.192584
0 1 0.755248 0.124661
0 1 0.779703 0.084695
0 1 0.789295 0.0586835
0 1 0.560186 0.213218
0 1 0.662504 0.138801
0 1 0.696455 0.101651
0 1 0.706113 0.077189
0 1 0.708736 0.0592065
0 1 0.709439 0.0455368
0 1 0.709627 0.0350487
0 1 0.618698 0.170403
0 1 0.731703 0.110929
0 1 0.7692 0.081239
0 1 0.779866 0.061689
0 1 0.782763 0.0473175
0 1 0.78354 0.0363928
0 1 0.626583 0.148517
0 1 0.741028 0.0966814
0 1 0.779003 0.0708049
0 1 0.789805 0.0537658
0 1 0.792739 0.0412402
0 1 0.627546 0.13089
0 1 0.742168 0.0852068
0 1 0.780201 0.0624014
0 1 0.79102 0.0473846
0 1 0.578199 0.304597
0 1 0.697022 0.177225
0 1 0.755274 0.114719
0 1 0.779731 0.0779404
0 1 0.560188 0.19622
0 1 0.662506 0.127735
0 1 0.696457 0.0935472
0 1 0.706115 0.0710353
0 1 0.708738 0.0544864
0 1 0.709441 0.0419065
0 1 0.709629 0.0322545
0 1 0.618699 0.156818
0 1 0.731705 0.102085
0 1 0.769202 0.0747624
0 1 0.779868 0.056771
0 1 0.782765 0.0435452
0 1 0.783542 0.0334914
0 1 0.626584 0.136677
0 1 0.74103 0.0889738
0 1 0.779005 0.0651601
0 1 0.789807 0.0494795
0 1 0.792741 0.0379524
0 1 0.578201 0.280314
0 1 0.697024 0.163096
0 1 0.755276 0.105573
0 1 0.560188 0.180577
0 1 0.662506 0.117552
0 1 0.696457 0.0860896
0 1 0.706115 0.0653723
0 1 0.708738 0.0501427
0 1 0.709441 0.0385657
0 1 0.709629 0.0296832
0 1 0.618699 0.144316
0 1 0.731705 0.0939471
0 1 0.769202 0.0688023
0 1 0.779868 0.0522452
0 1 0.782765 0.0400738
0 1 0.783542 0.0308215
0 1 0.578201 0.257967
0 1 0.697024 0.150094
0 1 0.524189 0.458137
0 1 0.619933 0.298238
0 1 0.651702 0.218415
0 1 0.660739 0.165854
0 1 0.663193 0.127216
0 1 0.663851 0.0978439
0 1 0.664027 0.0753083
0 1 0.604132 0.325968
0 1 0.714477 0.212199
0 1 0.751091 0.155404
0 1 0.761506 0.118007
0 1 0.764335 0.0905149
0 1 0.765093 0.0696167
0 1 0.622887 0.259251
0 1 0.736657 0.168768
0 1 0.774408 0.123597
0 1 0.785146 0.0938539
0 1 0.788063 0.071989
0 1 0.626728 0.211288
0 1 0.7412 0.137544
0 1 0.779184 0.100731
0 1 0.789988 0.0764902
0 1 0.627492 0.173049
0 1 0.742104 0.112652
0 1 0.780133 0.0825006
0 1 0.627643 0.141869
0 1 0.742282 0.0923541
0 1 0.627673 0.11633
0 1 0.55181 0.654481
0 1 0.665691 0.360548
0 1 0.732357 0.217802
0 1 0.766202 0.138354
0 1 0.782145 0.0900734
0 1 0.78939 0.0593119
0 1 0.792629 0.0392566
0 1 0.612371 0.211106
0 1 0.724221 0.137426
0 1 0.761334 0.100644
0 1 0.771891 0.0764244
0 1 0.774759 0.0586201
0 1 0.775528 0.0450858
0 1 0.775733 0.0347015
0 1 0.676333 0.168715
0 1 0.799866 0.10983
0 1 0.840855 0.0804343
0 1 0.852515 0.061078
0 1 0.855682 0.0468488
0 1 0.856531 0.0360323
0 1 0.684953 0.147046
0 1 0.81006 0.0957239
0 1 0.851572 0.0701036
0 1 0.86338 0.0532333
0 1 0.866588 0.0408317
0 1 0.686006 0.129594
0 1 0.811305 0.0843629
0 1 0.852881 0.0617833
0 1 0.864708 0.0469153
0 1 0.686133 0.114367
0 1 0.811456 0.0744508
0 1 0.853039 0.0545242
0 1 0.686149 0.100946
0 1 0.811474 0.0657141
0 1 0.686151 0.0891021
0 1 0.632062 0.30158
0 1 0.761954 0.17547
0 1 0.825633 0.113583
0 1 0.852368 0.0771684
0 1 0.862854 0.0534684
0 1 0.866856 0.0373298
0 1 0.868368 0.0261377
0 1 0.868937 0.018321
0 1 0.656561 0.181201
0 1 0.776482 0.117958
0 1 0.816274 0.086387
0 1 0.827593 0.0655982
0 1 0.830667 0.050316
0 1 0.831491 0.0386989
0 1 0.831712 0.0297857
0 1 0.725139 0.144815
0 1 0.857586 0.0942717
0 1 0.901533 0.06904
0 1 0.914035 0.0524257
0 1 0.91743 0.0402122
0 1 0.918341 0.030928
0 1 0.734381 0.126215
0 1 0.868515 0.0821637
0 1 0.913023 0.0601727
0 1 0.925684 0.0456923
0 1 0.929122 0.0350475
0 1 0.73551 0.111235
0 1 0.869851 0.0724121
0 1 0.914427 0.0530311
0 1 0.927107 0.0402693
0 1 0.735646 0.098166
0 1 0.870012 0.0639041
0 1 0.914597 0.0468003
0 1 0.735663 0.0866463
0 1 0.870032 0.056405
0 1 0.735665 0.0764799
0 1 0.677673 0.258859
0 1 0.816939 0.150613
0 1 0.885213 0.0974925
0 1 0.913877 0.0662368
0 1 0.925119 0.0458941
0 1 0.929411 0.0320417
0 1 0.931031 0.022435
0 1 0.660317 0.165807
0 1 0.780924 0.107937
0 1 0.820943 0.079048
0 1 0.832327 0.0600253
0 1 0.835419 0.0460414
0 1 0.836248 0.0354113
0 1 0.83647 0.0272553
0 1 0.729287 0.132512
0 1 0.862492 0.0862629
0 1 0.906691 0.0631748
0 1 0.919264 0.0479719
0 1 0.922678 0.036796
0 1 0.923594 0.0283005
0 1 0.738582 0.115493
0 1 0.873484 0.0751835
0 1 0.918246 0.0550608
0 1 0.930979 0.0418105
0 1 0.934438 0.03207
0 1 0.739718 0.101785
0 1 0.874827 0.0662603
0 1 0.919658 0.0485259
0 1 0.932411 0.0368482
0 1 0.739855 0.0898263
0 1 0.874989 0.0584752
0 1 0.919829 0.0428244
0 1 0.739871 0.0792853
0 1 0.875009 0.0516132
0 1 0.68155 0.236867
0 1 0.821612 0.137817
0 1 0.890277 0.0892101
0 1 0.919105 0.0606097
0 1 0.930412 0.0419952
0 1 0.934727 0.0293196
0 1 0.660615 0.15252
0 1 0.781277 0.0992877
0 1 0.821314 0.0727135
0 1 0.832703 0.0552152
0 1 0.835796 0.0423519
0 1 0.836625 0.0325736
0 1 0.836847 0.0250712
0 1 0.729616 0.121893
0 1 0.862881 0.0793502
0 1 0.9071 0.0581123
0 1 0.919678 0.0441277
0 1 0.923095 0.0338474
0 1 0.924011 0.0260327
0 1 0.738915 0.106238
0 1 0.873878 0.0691587
0 1 0.918661 0.0506485
0 1 0.931399 0.03846
0 1 0.934859 0.0295001
0 1 0.740051 0.0936289
0 1 0.875222 0.0609506
0 1 0.920073 0.0446373
0 1 0.932832 0.0338954
0 1 0.740188 0.0826281
0 1 0.875384 0.0537893
0 1 0.920244 0.0393927
0 1 0.681858 0.217886
0 1 0.821983 0.126773
0 1 0.890678 0.0820612
0 1 0.919519 0.0557527
0 1 0.930831 0.0386299
0 1 0.660639 0.140356
0 1 0.781304 0.0913692
0 1 0.821343 0.0669144
0 1 0.832732 0.0508116
0 1 0.835826 0.0389742
0 1 0.836655 0.0299758
0 1 0.836877 0.0230717
0 1 0.729642 0.112172
0 1 0.862911 0.0730218
0 1 0.907132 0.0534777
0 1 0.919711 0.0406084
0 1 0.923127 0.031148
0 1 0.924044 0.0239565
0 1 0.738941 0.097765
0 1 0.873909 0.0636431
0 1 0.918693 0.0466091
0 1 0.931432 0.0353928
0 1 0.934892 0.0271474
0 1 0.740078 0.0861617
0 1 0.875253 0.0560896
0 1 0.920106 0.0410773
0 1 0.932865 0.0311922
0 1 0.681882 0.200509
0 1 0.822012 0.116663
0 1 0.89071 0.0755166
0 1 0.919552 0.0513063
0 1 0.66064 0.129167
0 1 0.781307 0.0840851
0 1 0.821345 0.0615799
0 1 0.832735 0.0467608
0 1 0.835828 0.0358671
0 1 0.836658 0.027586
0 1 0.836879 0.0212324
0 1 0.729644 0.103229
0 1 0.862914 0.0672003
0 1 0.907135 0.0492143
0 1 0.919714 0.037371
0 1 0.92313 0.0286648
0 1 0.924046 0.0220466
0 1 0.738943 0.0899709
0 1 0.873911 0.0585693
0 1 0.918696 0.0428933
0 1 0.931435 0.0325712
0 1 0.934895 0.0249831
0 1 0.681884 0.184524
0 1 0.822014 0.107362
0 1 0.890712 0.0694963
0 1 0.618187 0.30158
0 1 0.731099 0.196323
0 1 0.768564 0.143778
0 1 0.779222 0.109178
0 1 0.782117 0.0837429
0 1 0.782893 0.0644083
0 1 0.7831 0.0495736
0 1 0.712465 0.214577
0 1 0.842597 0.139685
0 1 0.885776 0.102299
0 1 0.898059 0.0776809
0 1 0.901395 0.0595838
0 1 0.90229 0.045827
0 1 0.734583 0.170659
0 1 0.868754 0.111096
0 1 0.913274 0.0813611
0 1 0.925939 0.0617818
0 1 0.929378 0.0473886
0 1 0.739113 0.139086
0 1 0.874112 0.0905421
0 1 0.918907 0.0663087
0 1 0.931649 0.0503517
0 1 0.740014 0.113914
0 1 0.875177 0.0741558
0 1 0.920027 0.0543081
0 1 0.740192 0.0933891
0 1 0.875388 0.0607945
0 1 0.650761 0.430829
0 1 0.785063 0.23734
0 1 0.863683 0.143374
0 1 0.903597 0.0910751
0 1 0.922399 0.0592932
0 1 0.930943 0.0390436
0 1 0.642021 0.156317
0 1 0.759286 0.101759
0 1 0.798197 0.0745236
0 1 0.809265 0.0565897
0 1 0.812271 0.0434061
0 1 0.813077 0.0333845
0 1 0.813293 0.0256953
0 1 0.70908 0.124928
0 1 0.838594 0.0813255
0 1 0.881568 0.0595589
0 1 0.893792 0.0452262
0 1 0.897113 0.03469
0 1 0.898003 0.0266807
0 1 0.718117 0.108882
0 1 0.849281 0.0708802
0 1 0.892803 0.0519093
0 1 0.905184 0.0394174
0 1 0.908546 0.0302345
0 1 0.719221 0.0959596
0 1 0.850587 0.0624678
0 1 0.894176 0.0457484
0 1 0.906576 0.0347392
0 1 0.719355 0.084685
0 1 0.850745 0.0551283
0 1 0.894342 0.0403733
0 1 0.719371 0.0747473
0 1 0.850764 0.048659
0 1 0.719373 0.065977
0 1 0.662666 0.22331
0 1 0.798847 0.129929
0 1 0.865609 0.084104
0 1 0.893638 0.0571406
0 1 0.904632 0.0395915
0 1 0.908828 0.0276414
0 1 0.910413 0.019354
0 1 0.911009 0.0135661
0 1 0.688351 0.134173
0 1 0.814078 0.0873441
0 1 0.855796 0.0639666
0 1 0.867663 0.0485732
0 1 0.870886 0.0372572
0 1 0.871751 0.0286552
0 1 0.871982 0.0220553
0 1 0.760249 0.10723
0 1 0.899108 0.0698049
0 1 0.945184 0.0511218
0 1 0.958291 0.0388194
0 1 0.96185 0.0297758
0 1 0.962805 0.0229011
0 1 0.769938 0.0934581
0 1 0.910567 0.0608394
0 1 0.95723 0.0445558
0 1 0.970504 0.0338336
0 1 0.974109 0.0259515
0 1 0.771122 0.082366
0 1 0.911968 0.0536187
0 1 0.958702 0.0392677
0 1 0.971996 0.029818
0 1 0.771265 0.0726886
0 1 0.912137 0.0473188
0 1 0.95888 0.034654
0 1 0.771282 0.0641586
0 1 0.912157 0.041766
0 1 0.771284 0.0566307
0 1 0.710485 0.191676
0 1 0.856493 0.111524
0 1 0.928073 0.0721899
0 1 0.958125 0.0490461
0 1 0.969912 0.033983
0 1 0.974411 0.0237257
0 1 0.97611 0.0166124
0 1 0.692289 0.122775
0 1 0.818735 0.0799238
0 1 0.860692 0.0585324
0 1 0.872627 0.0444467
0 1 0.875869 0.0340921
0 1 0.876738 0.0262209
0 1 0.87697 0.0201816
0 1 0.764598 0.0981208
0 1 0.904252 0.0638747
0 1 0.950591 0.0467788
0 1 0.963773 0.0355216
0 1 0.967353 0.0272462
0 1 0.968313 0.0209556
0 1 0.774342 0.0855184
0 1 0.915776 0.0556708
0 1 0.962706 0.0407706
0 1 0.976056 0.0309593
0 1 0.979681 0.0237468
0 1 0.775533 0.0753686
0 1 0.917185 0.0490635
0 1 0.964187 0.0359318
0 1 0.977557 0.0272849
0 1 0.775677 0.0665133
0 1 0.917355 0.0432989
0 1 0.964365 0.03171
0 1 0.775694 0.058708
0 1 0.917375 0.0382178
0 1 0.71455 0.175392
0 1 0.861393 0.102049
0 1 0.933382 0.066057
0 1 0.963606 0.0448794
0 1 0.97546 0.031096
0 1 0.979985 0.0217101
0 1 0.692601 0.112936
0 1 0.819105 0.0735191
0 1 0.86108 0.0538419
0 1 0.873021 0.040885
0 1 0.876264 0.0313601
0 1 0.877133 0.0241196
0 1 0.877366 0.0185644
0 1 0.764943 0.0902579
0 1 0.90466 0.0587561
0 1 0.95102 0.0430302
0 1 0.964207 0.032675
0 1 0.967789 0.0250628
0 1 0.96875 0.0192763
0 1 0.774692 0.0786654
0 1 0.916189 0.0512096
0 1 0.96314 0.0375035
0 1 0.976496 0.0284783
0 1 0.980123 0.0218438
0 1 0.775883 0.069329
0 1 0.917598 0.0451318
0 1 0.964621 0.0330524
0 1 0.977998 0.0250984
0 1 0.776027 0.0611833
0 1 0.917768 0.0398291
0 1 0.9648 0.0291689
0 1 0.714872 0.161337
0 1 0.861782 0.0938714
0 1 0.933803 0.0607635
0 1 0.964041 0.041283
0 1 0.9759 0.0286041
0 1 0.692626 0.103929
0 1 0.819134 0.0676558
0 1 0.861111 0.0495479
0 1 0.873052 0.0376243
0 1 0.876295 0.0288591
0 1 0.877164 0.022196
0 1 0.877397 0.0170838
0 1 0.76497 0.0830596
0 1 0.904692 0.0540702
0 1 0.951054 0.0395984
0 1 0.964242 0.0300691
0 1 0.967824 0.023064
0 1 0.968784 0.017739
0 1 0.774719 0.0723916
0 1 0.916222 0.0471255
0 1 0.963175 0.0345125
0 1 0.976531 0.0262071
0 1 0.980158 0.0201017
0 1 0.775911 0.0637998
0 1 0.917631 0.0415324
0 1 0.964656 0.0304164
0 1 0.978032 0.0230967
0 1 0.714897 0.14847
0 1 0.861812 0.0863849
0 1 0.933836 0.0559175
0 1 0.964075 0.0379906
0 1 0.648118 0.22331
0 1 0.766497 0.14537
0 1 0.805777 0.106462
0 1 0.81695 0.0808424
0 1 0.819985 0.0620088
0 1 0.820799 0.0476921
0 1 0.821016 0.0367076
0 1 0.746961 0.158887
0 1 0.883393 0.103432
0 1 0.928664 0.0757488
0 1 0.941541 0.05752
0 1 0.945039 0.0441197
0 1 0.945977 0.0339333
0 1 0.77015 0.126367
0 1 0.910818 0.0822625
0 1 0.957493 0.0602451
0 1 0.970771 0.0457473
0 1 0.974377 0.0350897
0 1 0.774899 0.102988
0 1 0.916435 0.0670433
0 1 0.963398 0.0490993
0 1 0.976757 0.0372837
0 1 0.775844 0.0843494
0 1 0.917552 0.0549098
0 1 0.964573 0.0402133
0 1 0.682269 0.319014
0 1 0.823074 0.175742
0 1 0.905501 0.106164
0 1 0.947347 0.067438
0 1 0.96706 0.0439046
0 1 0.650128 0.119838
0 1 0.768874 0.0780125
0 1 0.808275 0.0571326
0 1 0.819484 0.0433838
0 1 0.822528 0.0332768
0 1 0.823344 0.0255938
0 1 0.823562 0.019699
0 1 0.718034 0.0957742
0 1 0.849182 0.0623472
0 1 0.8927 0.0456601
0 1 0.905078 0.0346721
0 1 0.908441 0.0265946
0 1 0.909342 0.0204544
0 1 0.727185 0.0834732
0 1 0.860005 0.0543394
0 1 0.904077 0.0397956
0 1 0.916613 0.0302189
0 1 0.920018 0.0231789
0 1 0.728303 0.0735662
0 1 0.861328 0.0478902
0 1 0.905467 0.0350725
0 1 0.918023 0.0266324
0 1 0.728438 0.0649227
0 1 0.861487 0.0422634
0 1 0.905635 0.0309517
0 1 0.728454 0.0573041
0 1 0.861506 0.0373038
0 1 0.728456 0.0505805
0 1 0.671033 0.171198
0 1 0.808934 0.0996086
0 1 0.876539 0.0644773
0 1 0.904922 0.0438061
0 1 0.916054 0.0303524
0 1 0.920304 0.0211909
0 1 0.921908 0.0148375
0 1 0.922512 0.0104003
0 1 0.697043 0.102862
0 1 0.824358 0.0669613
0 1 0.866602 0.0490392
0 1 0.878619 0.037238
0 1 0.881883 0.0285628
0 1 0.882758 0.0219682
0 1 0.882992 0.0169084
0 1 0.769849 0.0822069
0 1 0.910461 0.0535151
0 1 0.957119 0.0391919
0 1 0.970391 0.0297604
0 1 0.973996 0.0228272
0 1 0.974962 0.0175569
0 1 0.77966 0.0716485
0 1 0.922065 0.0466417
0 1 0.969317 0.0341582
0 1 0.982758 0.0259381
0 1 0.986409 0.0198954
0 1 0.780859 0.0631449
0 1 0.923483 0.0411061
0 1 0.970808 0.0301041
0 1 0.98427 0.0228596
0 1 0.781004 0.0557258
0 1 0.923654 0.0362764
0 1 0.970988 0.0265671
0 1 0.781021 0.0491864
0 1 0.923675 0.0320194
0 1 0.781023 0.0434152
0 1 0.719456 0.146946
0 1 0.867308 0.0854981
0 1 0.939792 0.0553435
0 1 0.970223 0.0376005
0 1 0.982159 0.0260526
0 1 0.986715 0.018189
0 1 0.988436 0.0127356
0 1 0.70103 0.0941236
0 1 0.829073 0.0612726
0 1 0.87156 0.0448731
0 1 0.883646 0.0340745
0 1 0.886928 0.0261363
0 1 0.887808 0.0201019
0 1 0.888044 0.015472
0 1 0.774253 0.075223
0 1 0.91567 0.0489687
0 1 0.962594 0.0358623
0 1 0.975942 0.0272322
0 1 0.979568 0.020888
0 1 0.98054 0.0160653
0 1 0.78412 0.0655616
0 1 0.92734 0.0426793
0 1 0.974862 0.0312563
0 1 0.98838 0.0237345
0 1 0.992052 0.0182052
0 1 0.785326 0.0577804
0 1 0.928766 0.0376139
0 1 0.976361 0.0275466
0 1 0.9899 0.0209176
0 1 0.785472 0.0509916
0 1 0.928938 0.0331945
0 1 0.976542 0.0243101
0 1 0.785489 0.0450078
0 1 0.928959 0.0292992
0 1 0.723572 0.134462
0 1 0.87227 0.0782347
0 1 0.945168 0.0506418
0 1 0.975773 0.0344062
0 1 0.987778 0.0238394
0 1 0.992359 0.0166438
0 1 0.701346 0.086581
0 1 0.829447 0.0563625
0 1 0.871953 0.0412772
0 1 0.884044 0.0313439
0 1 0.887328 0.0240418
0 1 0.888209 0.018491
0 1 0.888444 0.0142321
0 1 0.774602 0.0691951
0 1 0.916083 0.0450446
0 1 0.963028 0.0329885
0 1 0.976383 0.0250499
0 1 0.98001 0.0192141
0 1 0.980982 0.0147779
0 1 0.784474 0.0603078
0 1 0.927758 0.0392592
0 1 0.975302 0.0287516
0 1 0.988826 0.0218326
0 1 0.992499 0.0167463
0 1 0.78568 0.0531502
0 1 0.929185 0.0345997
0 1 0.976802 0.0253392
0 1 0.990347 0.0192414
0 1 0.785826 0.0469054
0 1 0.929357 0.0305345
0 1 0.976983 0.022362
0 1 0.723899 0.123687
0 1 0.872663 0.0719653
0 1 0.945594 0.0465836
0 1 0.976214 0.0316491
0 1 0.988223 0.021929
0 1 0.656302 0.171198
0 1 0.776176 0.111446
0 1 0.815952 0.081618
0 1 0.827266 0.0619768
0 1 0.830339 0.0475382
0 1 0.831163 0.0365626
0 1 0.831383 0.0281414
0 1 0.756393 0.121809
0 1 0.894548 0.079295
0 1 0.94039 0.0580719
0 1 0.95343 0.044097
0 1 0.956972 0.0338238
0 1 0.957922 0.0260146
0 1 0.779875 0.0968778
0 1 0.922319 0.0630655
0 1 0.969584 0.0461862
0 1 0.983029 0.0350716
0 1 0.98668 0.026901
0 1 0.784684 0.0789546
0 1 0.928007 0.0513979
0 1 0.975563 0.0376414
0 1 0.989091 0.0285831
0 1 0.690884 0.244568
0 1 0.833467 0.134731
0 1 0.916935 0.081389
0 1 0.95931 0.0517005
0 1 0.652249 0.0927302
0 1 0.771382 0.0603655
0 1 0.810913 0.0442088
0 1 0.822157 0.0335701
0 1 0.825211 0.0257493
0 1 0.82603 0.0198043
0 1 0.826249 0.0152429
0 1 0.720376 0.0741095
0 1 0.851953 0.0482438
0 1 0.895612 0.0353314
0 1 0.908031 0.026829
0 1 0.911404 0.0205787
0 1 0.912309 0.0158275
0 1 0.729557 0.064591
0 1 0.862811 0.0420475
0 1 0.907026 0.0307936
0 1 0.919604 0.0233832
0 1 0.92302 0.0179357
0 1 0.730679 0.056925
0 1 0.864138 0.0370571
0 1 0.908421 0.0271388
0 1 0.921018 0.0206079
0 1 0.730815 0.0502367
0 1 0.864298 0.0327031
0 1 0.90859 0.0239502
0 1 0.730831 0.0443415
0 1 0.864317 0.0288654
0 1 0.730833 0.0391388
0 1 0.673222 0.132472
0 1 0.811573 0.0770765
0 1 0.879398 0.0498921
0 1 0.907874 0.0338969
0 1 0.919043 0.0234864
0 1 0.923306 0.0163974
0 1 0.924916 0.0114812
0 1 0.925522 0.00804767
0 1 0.699317 0.079594
0 1 0.827047 0.0518142
0 1 0.86943 0.0379462
0 1 0.881486 0.0288145
0 1 0.88476 0.0221017
0 1 0.885638 0.0169988
0 1 0.885873 0.0130836
0 1 0.77236 0.0636111
0 1 0.913432 0.0414096
0 1 0.960242 0.0303264
0 1 0.973557 0.0230284
0 1 0.977173 0.0176636
0 1 0.978143 0.0135854
0 1 0.782204 0.0554411
0 1 0.925073 0.0360911
0 1 0.97248 0.0264314
0 1 0.985965 0.0200707
0 1 0.989627 0.0153949
0 1 0.783407 0.0488611
0 1 0.926496 0.0318076
0 1 0.973975 0.0232944
0 1 0.987481 0.0176886
0 1 0.783552 0.0431202
0 1 0.926668 0.0280704
0 1 0.974156 0.0205574
0 1 0.783569 0.0380601
0 1 0.926688 0.0247764
0 1 0.783571 0.0335944
0 1 0.721804 0.113706
0 1 0.870138 0.0661579
0 1 0.942858 0.0428244
0 1 0.973389 0.029095
0 1 0.985363 0.0201594
0 1 0.989934 0.0140746
0 1 0.99166 0.00985476
0 1 0.703317 0.0728322
0 1 0.831778 0.0474123
0 1 0.874404 0.0347225
0 1 0.886529 0.0263666
0 1 0.889822 0.0202241
0 1 0.890705 0.0155547
0 1 0.890941 0.0119721
0 1 0.776779 0.0582071
0 1 0.918657 0.0378917
0 1 0.965735 0.02775
0 1 0.979126 0.0210721
0 1 0.982764 0.016163
0 1 0.983739 0.0124312
0 1 0.786678 0.0507311
0 1 0.930365 0.033025
0 1 0.978043 0.0241859
0 1 0.991605 0.0183656
0 1 0.995289 0.014087
0 1 0.787888 0.0447101
0 1 0.931796 0.0291054
0 1 0.979547 0.0213154
0 1 0.99313 0.0161859
0 1 0.788034 0.039457
0 1 0.931969 0.0256857
0 1 0.979728 0.018811
0 1 0.788052 0.0348267
0 1 0.93199 0.0226715
0 1 0.725933 0.104046
0 1 0.875116 0.0605374
0 1 0.948252 0.0391863
0 1 0.978957 0.0266233
0 1 0.991 0.0184467
0 1 0.995597 0.0128789
0 1 0.658443 0.132472
0 1 0.778708 0.0862365
0 1 0.818614 0.0631555
0 1 0.829965 0.0479572
0 1 0.833048 0.0367848
0 1 0.833875 0.0282919
0 1 0.834096 0.0217756
0 1 0.758861 0.0942547
0 1 0.897467 0.0613579
0 1 0.943458 0.0449356
0 1 0.956541 0.034122
0 1 0.960094 0.0261727
0 1 0.961047 0.0201299
0 1 0.782419 0.0749634
0 1 0.925328 0.0487997
0 1 0.972747 0.0357385
0 1 0.986236 0.0271381
0 1 0.9899 0.0208158
0 1 0.693138 0.189245
0 1 0.836186 0.104254
0 1 0.919926 0.0629782
0 1 0.652798 0.0719276
0 1 0.772031 0.0468235
0 1 0.811594 0.0342913
0 1 0.822849 0.0260391
0 1 0.825905 0.0199729
0 1 0.826725 0.0153615
0 1 0.826944 0.0118234
0 1 0.720982 0.0574842
0 1 0.852669 0.0374211
0 1 0.896365 0.0274054
0 1 0.908795 0.0208103
0 1 0.912171 0.0159622
0 1 0.913076 0.0122768
0 1 0.730171 0.050101
0 1 0.863536 0.0326148
0 1 0.907789 0.0238855
0 1 0.920377 0.0181375
0 1 0.923796 0.0139121
0 1 0.731294 0.0441548
0 1 0.864864 0.0287439
0 1 0.909185 0.0210507
0 1 0.921793 0.0159849
0 1 0.731429 0.0389669
0 1 0.865025 0.0253667
0 1 0.909354 0.0185773
0 1 0.731445 0.0343942
0 1 0.865044 0.0223899
0 1 0.731447 0.0303586
0 1 0.673789 0.102754
0 1 0.812256 0.0597856
0 1 0.880138 0.0386996
0 1 0.908638 0.0262926
0 1 0.919816 0.0182176
0 1 0.924083 0.0127189
0 1 0.925694 0.00890555
0 1 0.9263 0.0062423
0 1 0.699905 0.0617384
0 1 0.827743 0.0401905
0 1 0.870161 0.0294336
0 1 0.882227 0.0223504
0 1 0.885504 0.0171435
0 1 0.886383 0.0131854
0 1 0.886618 0.0101485
0 1 0.77301 0.049341
0 1 0.9142 0.03212
0 1 0.961049 0.0235231
0 1 0.974376 0.0178624
0 1 0.977995 0.013701
0 1 0.978966 0.0105377
0 1 0.782862 0.0430037
0 1 0.925851 0.0279946
0 1 0.973297 0.0205019
0 1 0.986794 0.0155682
0 1 0.990459 0.0119413
0 1 0.784065 0.0378998
0 1 0.927275 0.0246721
0 1 0.974794 0.0180686
0 1 0.988311 0.0137205
0 1 0.784211 0.0334469
0 1 0.927447 0.0217733
0 1 0.974975 0.0159457
0 1 0.784228 0.0295219
0 1 0.927468 0.0192182
0 1 0.78423 0.026058
0 1 0.722411 0.0881977
0 1 0.87087 0.0513164
0 1 0.943651 0.0332174
0 1 0.974207 0.022568
0 1 0.986192 0.0156369
0 1 0.990767 0.0109172
0 1 0.992494 0.007644
0 1 0.658997 0.102754
0 1 0.779363 0.0668907
0 1 0.819302 0.0489875
0 1 0.830663 0.0371988
0 1 0.833749 0.0285327
0 1 0.834576 0.021945
0 1 0.834797 0.0168906
0 1 0.759499 0.0731101
0 1 0.898221 0.0475932
0 1 0.944252 0.034855
0 1 0.957345 0.0264672
0 1 0.960901 0.0203012
0 1 0.961855 0.0156141
0 1 0.693721 0.146791
0 1 0.83689 0.0808659
0 1 0.652939 0.0558266
0 1 0.772198 0.036342
0 1 0.81177 0.0266151
0 1 0.823027 0.0202103
0 1 0.826084 0.0155019
0 1 0.826904 0.0119228
0 1 0.827123 0.00917674
0 1 0.721138 0.0446163
0 1 0.852854 0.0290443
0 1 0.896559 0.0212707
0 1 0.908992 0.0161519
0 1 0.912368 0.0123891
0 1 0.913274 0.00952866
0 1 0.730329 0.0388859
0 1 0.863724 0.025314
0 1 0.907986 0.0185387
0 1 0.920577 0.0140774
0 1 0.923996 0.0107978
0 1 0.731452 0.0342707
0 1 0.865052 0.0223096
0 1 0.909382 0.0163385
0 1 0.921992 0.0124066
0 1 0.731588 0.0302441
0 1 0.865212 0.0196883
0 1 0.909551 0.0144188
0 1 0.731604 0.026695
0 1 0.865231 0.0173779
0 1 0.731606 0.0235628
0 1 0.673935 0.0797523
0 1 0.812431 0.0464025
0 1 0.880329 0.0300367
0 1 0.908835 0.020407
0 1 0.920015 0.0141396
0 1 0.924283 0.00987177
0 1 0.925895 0.00691204
0 1 0.926501 0.00484496
0 1 0.65914 0.0797523
0 1 0.779532 0.0519172
0 1 0.81948 0.0380216
0 1 0.830843 0.0288718
0 1 0.833929 0.0221456
0 1 0.834757 0.0170326
0 1 0.834978 0.0131096
0 1 0.693872 0.113932
0 1 0.529799 0.458137
0 1 0.626567 0.298238
0 1 0.658676 0.218415
0 1 0.66781 0.165854
0 1 0.67029 0.127216
0 1 0.670956 0.0978439
0 1 0.671133 0.0753083
0 1 0.585137 0.36614
0 1 0.692012 0.23835
0 1 0.727475 0.174556
0 1 0.737562 0.13255
0 1 0.740302 0.10167
0 1 0.741037 0.0781963
0 1 0.592594 0.319114
0 1 0.700831 0.207737
0 1 0.736746 0.152137
0 1 0.746962 0.115525
0 1 0.749737 0.0886117
0 1 0.593505 0.28124
0 1 0.701909 0.183082
0 1 0.737879 0.13408
0 1 0.748111 0.101814
0 1 0.593615 0.248196
0 1 0.702039 0.161571
0 1 0.738016 0.118327
0 1 0.593628 0.219071
0 1 0.702055 0.142611
0 1 0.59363 0.193367
0 1 0.546835 0.654481
0 1 0.659213 0.380799
0 1 0.714305 0.246494
0 1 0.737435 0.167469
0 1 0.746507 0.116036
0 1 0.749969 0.081012
0 1 0.751277 0.0567232
0 1 0.751769 0.0397598
0 1 0.635401 0.278449
0 1 0.751457 0.181265
0 1 0.789967 0.13275
0 1 0.800921 0.100804
0 1 0.803896 0.0773198
0 1 0.804694 0.0594681
0 1 0.804907 0.0457713
0 1 0.701769 0.222535
0 1 0.829947 0.144866
0 1 0.872478 0.106093
0 1 0.884577 0.0805619
0 1 0.887863 0.0617936
0 1 0.888744 0.0475266
0 1 0.710713 0.193953
0 1 0.840524 0.12626
0 1 0.883598 0.0924666
0 1 0.895851 0.0702147
0 1 0.899178 0.053857
0 1 0.711806 0.170934
0 1 0.841817 0.111275
0 1 0.884957 0.0814922
0 1 0.897228 0.0618813
0 1 0.711938 0.15085
0 1 0.841973 0.0982006
0 1 0.885121 0.0719174
0 1 0.711953 0.133148
0 1 0.841992 0.0866768
0 1 0.711955 0.117526
0 1 0.655833 0.397784
0 1 0.79061 0.231444
0 1 0.856684 0.149815
0 1 0.884424 0.101785
0 1 0.895304 0.0705248
0 1 0.899457 0.049238
0 1 0.901026 0.0344756
0 1 0.680091 0.189633
0 1 0.80431 0.123447
0 1 0.845528 0.090407
0 1 0.857253 0.0686508
0 1 0.860437 0.0526574
0 1 0.861291 0.0404998
0 1 0.861519 0.0311718
0 1 0.751127 0.151554
0 1 0.88832 0.0986586
0 1 0.933843 0.0722528
0 1 0.946792 0.0548653
0 1 0.950309 0.0420835
0 1 0.951252 0.0323672
0 1 0.7607 0.132089
0 1 0.899642 0.0859871
0 1 0.945744 0.0629728
0 1 0.958859 0.0478186
0 1 0.962421 0.0366784
0 1 0.76187 0.116412
0 1 0.901025 0.0757817
0 1 0.947199 0.0554989
0 1 0.960333 0.0421432
0 1 0.762011 0.102734
0 1 0.901192 0.0668779
0 1 0.947374 0.0489782
0 1 0.762028 0.0906783
0 1 0.901212 0.0590298
0 1 0.70196 0.270905
0 1 0.846216 0.157621
0 1 0.916937 0.102029
0 1 0.946628 0.0693191
0 1 0.958274 0.0480298
0 1 0.962719 0.0335327
0 1 0.696235 0.135025
0 1 0.823402 0.0878985
0 1 0.865598 0.0643726
0 1 0.877601 0.0488815
0 1 0.880861 0.0374937
0 1 0.881736 0.0288371
0 1 0.881969 0.0221953
0 1 0.768957 0.107911
0 1 0.909407 0.070248
0 1 0.95601 0.0514462
0 1 0.969267 0.0390658
0 1 0.972867 0.0299648
0 1 0.973833 0.0230465
0 1 0.778757 0.0940512
0 1 0.920997 0.0612255
0 1 0.968194 0.0448386
0 1 0.98162 0.0340483
0 1 0.985266 0.0261162
0 1 0.779954 0.0828888
0 1 0.922413 0.053959
0 1 0.969683 0.0395169
0 1 0.983129 0.0300073
0 1 0.780099 0.0731499
0 1 0.922584 0.0476191
0 1 0.969863 0.034874
0 1 0.718623 0.192892
0 1 0.866303 0.112231
0 1 0.938703 0.072648
0 1 0.969099 0.0493573
0 1 0.981021 0.0341987
0 1 0.701726 0.0976538
0 1 0.829897 0.0635707
0 1 0.872426 0.0465561
0 1 0.884523 0.0353525
0 1 0.887809 0.0271165
0 1 0.88869 0.0208558
0 1 0.888926 0.0160523
0 1 0.775022 0.0780444
0 1 0.916579 0.0508053
0 1 0.96355 0.0372074
0 1 0.976912 0.0282535
0 1 0.98054 0.0216714
0 1 0.981514 0.0166679
0 1 0.784899 0.0680205
0 1 0.928261 0.04428
0 1 0.97583 0.0324286
0 1 0.989362 0.0246247
0 1 0.993037 0.018888
0 1 0.786106 0.0599475
0 1 0.929688 0.0390247
0 1 0.977331 0.0285798
0 1 0.990884 0.0217021
0 1 0.724291 0.139505
0 1 0.873136 0.0811689
0 1 0.946107 0.0525411
0 1 0.976743 0.0356966
0 1 0.703556 0.070998
0 1 0.83206 0.0462183
0 1 0.8747 0.033848
0 1 0.886829 0.0257026
0 1 0.890124 0.0197147
0 1 0.891007 0.015163
0 1 0.891243 0.0116706
0 1 0.777042 0.0567412
0 1 0.918969 0.0369374
0 1 0.966062 0.0270512
0 1 0.979458 0.0205414
0 1 0.983097 0.0157559
0 1 0.984072 0.0121182
0 1 0.786945 0.0494535
0 1 0.930681 0.0321933
0 1 0.978374 0.0235768
0 1 0.991941 0.0179031
0 1 0.995626 0.0137323
0 1 0.726179 0.101426
0 1 0.875412 0.0590129
0 1 0.948573 0.0381994
0 1 0.704161 0.0517083
0 1 0.832776 0.0336611
0 1 0.875452 0.0246518
0 1 0.887592 0.0187194
0 1 0.890889 0.0143584
0 1 0.891773 0.0110433
0 1 0.89201 0.00849978
0 1 0.77771 0.041325
0 1 0.919759 0.0269017
0 1 0.966893 0.0197015
0 1 0.980301 0.0149604
0 1 0.983942 0.0114751
0 1 0.984919 0.00882574
0 1 0.726804 0.073869
0 1 0.876166 0.0429794
0 1 0.704361 0.0376812
0 1 0.833012 0.0245297
0 1 0.875701 0.0179644
0 1 0.887844 0.0136413
0 1 0.891142 0.0104633
0 1 0.892026 0.00804753
0 1 0.892263 0.00619401
0 1 0.72701 0.0538302
0 1 0.550842 0.654481
0 1 0.651454 0.426054
0 1 0.684838 0.312022
0 1 0.694335 0.236934
0 1 0.696914 0.181736
0 1 0.697606 0.139777
0 1 0.69779 0.107583
0 1 0.664729 0.362812
0 1 0.786142 0.236184
0 1 0.826428 0.17297
0 1 0.837888 0.131345
0 1 0.841001 0.100746
0 1 0.841835 0.0774855
0 1 0.730081 0.220983
0 1 0.863431 0.143855
0 1 0.907678 0.105353
0 1 0.920264 0.0799998
0 1 0.923683 0.0613625
0 1 0.762539 0.141537
0 1 0.901817 0.0921376
0 1 0.948032 0.0674772
0 1 0.961178 0.051239
0 1 0.777505 0.0928604
0 1 0.919516 0.0604503
0 1 0.966638 0.0442709
0 1 0.784168 0.0615923
0 1 0.927397 0.0400954
0 1 0.787089 0.0410501
0 1 0.614494 0.934973
0 1 0.717579 0.460006
0 1 0.801981 0.236475
0 1 0.865875 0.125838
0 1 0.911429 0.0686847
0 1 0.942538 0.0381593
0 1 0.963162 0.0214544
0 1 0.976568 0.0121571
0 1 0.98517 0.00692369
1 1 0.519258 0.320696
1 1 0.614101 0.208767
1 1 0.645571 0.152891
1 1 0.654523 0.116098
1 1 0.656954 0.0890509
1 1 0.573494 0.256298
1 1 0.678243 0.166845
1 1 0.713 0.122189
1 1 0.722887 0.0927848
1 1 0.580803 0.22338
1 1 0.686887 0.145416
1 1 0.722087 0.106496
1 1 0.581697 0.196868
1 1 0.687944 0.128157
1 1 0.581804 0.173737
1 1 0.535955 0.458137
1 1 0.646097 0.266559
1 1 0.700093 0.172546
1 1 0.722762 0.117228
1 1 0.731654 0.0812249
1 1 0.556729 0.275266
1 1 0.658415 0.179193
1 1 0.692157 0.131232
1 1 0.701755 0.0996515
1 1 0.704361 0.076436
1 1 0.614879 0.219991
1 1 0.727187 0.14321
1 1 0.764452 0.10488
1 1 0.775053 0.0796409
1 1 0.622716 0.191736
1 1 0.736455 0.124816
1 1 0.774195 0.0914096
1 1 0.623673 0.16898
1 1 0.737587 0.110003
1 1 0.574631 0.393237
1 1 0.69272 0.228799
1 1 0.750613 0.148103
1 1 0.774919 0.100622
1 1 0.559914 0.251881
1 1 0.662182 0.16397
1 1 0.696116 0.120083
1 1 0.705769 0.0911856
1 1 0.708391 0.0699424
1 1 0.618397 0.201302
1 1 0.731347 0.131044
1 1 0.768825 0.09597
1 1 0.779486 0.0728751
1 1 0.626278 0.175447
1 1 0.740668 0.114213
1 1 0.778624 0.0836439
1 1 0.577918 0.35983
1 1 0.696683 0.209361
1 1 0.754907 0.135521
1 1 0.560166 0.231697
1 1 0.662481 0.15083
1 1 0.69643 0.110461
1 1 0.706087 0.0838785
1 1 0.70871 0.0643376
1 1 0.618676 0.185171
1 1 0.731677 0.120542
1 1 0.769172 0.0882795
1 1 0.779838 0.0670352
1 1 0.578179 0.330995
1 1 0.696997 0.192584
1 1 0.560186 0.213218
1 1 0.662504 0.138801
1 1 0.696455 0.101651
1 1 0.706113 0.077189
1 1 0.708736 0.0592065
1 1 0.578199 0.304597
1 1 0.524189 0.458137
1 1 0.619933 0.298238
1 1 0.651702 0.218415
1 1 0.660739 0.165854
1 1 0.663193 0.127216
1 1 0.604132 0.325968
1 1 0.714477 0.212199
1 1 0.751091 0.155404
1 1 0.761506 0.118007
1 1 0.622887 0.259251
1 1 0.736657 0.168768
1 1 0.774408 0.123597
1 1 0.626728 0.211288
1 1 0.7412 0.137544
1 1 0.627492 0.173049
1 1 0.55181 0.654481
1 1 0.665691 0.360548
1 1 0.732357 0.217802
1 1 0.766202 0.138354
1 1 0.782145 0.0900734
1 1 0.612371 0.211106
1 1 0.724221 0.137426
1 1 0.761334 0.100644
1 1 0.771891 0.0764244
1 1 0.774759 0.0586201
1 1 0.676333 0.168715
1 1 0.799866 0.10983
1 1 0.840855 0.0804343
1 1 0.852515 0.061078
1 1 0.684953 0.147046
1 1 0.81006 0.0957239
1 1 0.851572 0.0701036
1 1 0.686006 0.129594
1 1 0.811305 0.0843629
1 1 0.686133 0.114367
1 1 0.632062 0.30158
1 1 0.761954 0.17547
1 1 0.825633 0.113583
1 1 0.852368 0.0771684
1 1 0.862854 0.0534684
1 1 0.656561 0.181201
1 1 0.776482 0.117958
1 1 0.816274 0.086387
1 1 0.827593 0.0655982
1 1 0.830667 0.050316
1 1 0.725139 0.144815
1 1 0.857586 0.0942717
1 1 0.901533 0.06904
1 1 0.914035 0.0524257
1 1 0.734381 0.126215
1 1 0.868515 0.0821637
1 1 0.913023 0.0601727
1 1 0.73551 0.111235
1 1 0.869851 0.0724121
1 1 0.677673 0.258859
1 1 0.816939 0.150613
1 1 0.885213 0.0974925
1 1 0.913877 0.0662368
1 1 0.660317 0.165807
1 1 0.780924 0.107937
1 1 0.820943 0.079048
1 1 0.832327 0.0600253
1 1 0.835419 0.0460414
1 1 0.729287 0.132512
1 1 0.862492 0.0862629
1 1 0.906691 0.0631748
1 1 0.919264 0.0479719
1 1 0.738582 0.115493
1 1 0.873484 0.0751835
1 1 0.918246 0.0550608
1 1 0.68155 0.236867
1 1 0.821612 0.137817
1 1 0.890277 0.0892101
1 1 0.660615 0.15252
1 1 0.781277 0.0992877
1 1 0.821314 0.0727135
1 1 0.832703 0.0552152
1 1 0.835796 0.0423519
1 1 0.729616 0.121893
1 1 0.862881 0.0793502
1 1 0.9071 0.0581123
1 1 0.919678 0.0441277
1 1 0.681858 0.217886
1 1 0.821983 0.126773
1 1 0.618187 0.30158
1 1 0.731099 0.196323
1 1 0.768564 0.143778
1 1 0.779222 0.109178
1 1 0.782117 0.0837429
1 1 0.712465 0.214577
1 1 0.842597 0.139685
1 1 0.885776 0.102299
1 1 0.898059 0.0776809
1 1 0.734583 0.170659
1 1 0.868754 0.111096
1 1 0.913274 0.0813611
1 1 0.739113 0.139086
1 1 0.874112 0.0905421
1 1 0.650761 0.430829
1 1 0.785063 0.23734
1 1 0.863683 0.143374
1 1 0.903597 0.0910751
1 1 0.642021 0.156317
1 1 0.759286 0.101759
1 1 0.798197 0.0745236
1 1 0.809265 0.0565897
1 1 0.812271 0.0434061
1 1 0.70908 0.124928
1 1 0.838594 0.0813255
1 1 0.881568 0.0595589
1 1 0.893792 0.0452262
1 1 0.718117 0.108882
1 1 0.849281 0.0708802
1 1 0.892803 0.0519093
1 1 0.719221 0.0959596
1 1 0.850587 0.0624678
1 1 0.719355 0.084685
1 1 0.662666 0.22331
1 1 0.798847 0.129929
1 1 0.865609 0.084104
1 1 0.893638 0.0571406
1 1 0.904632 0.0395915
1 1 0.688351 0.134173
1 1 0.814078 0.0873441
1 1 0.855796 0.0639666
1 1 0.867663 0.0485732
1 1 0.870886 0.0372572
1 1 0.760249 0.10723
1 1 0.899108 0.0698049
1 1 0.945184 0.0511218
1 1 0.958291 0.0388194
1 1 0.769938 0.0934581
1 1 0.910567 0.0608394
1 1 0.95723 0.0445558
1 1 0.771122 0.082366
1 1 0.911968 0.0536187
1 1 0.710485 0.191676
1 1 0.856493 0.111524
1 1 0.928073 0.0721899
1 1 0.958125 0.0490461
1 1 0.692289 0.122775
1 1 0.818735 0.0799238
1 1 0.860692 0.0585324
1 1 0.872627 0.0444467
1 1 0.875869 0.0340921
1 1 0.764598 0.0981208
1 1 0.904252 0.0638747
1 1 0.950591 0.0467788
1 1 0.963773 0.0355216
1 1 0.774342 0.0855184
1 1 0.915776 0.0556708
1 1 0.962706 0.0407706
1 1 0.71455 0.175392
1 1 0.861393 0.102049
1 1 0.933382 0.066057
1 1 0.648118 0.22331
1 1 0.766497 0.14537
1 1 0.805777 0.106462
1 1 0.81695 0.0808424
1 1 0.819985 0.0620088
1 1 0.746961 0.158887
1 1 0.883393 0.103432
1 1 0.928664 0.0757488
1 1 0.941541 0.05752
1 1 0.77015 0.126367
1 1 0.910818 0.0822625
1 1 0.957493 0.0602451
1 1 0.682269 0.319014
1 1 0.823074 0.175742
1 1 0.905501 0.106164
1 1 0.650128 0.119838
1 1 0.768874 0.0780125
1 1 0.808275 0.0571326
1 1 0.819484 0.0433838
1 1 0.822528 0.0332768
1 1 0.718034 0.0957742
1 1 0.849182 0.0623472
1 1 0.8927 0.0456601
1 1 0.905078 0.0346721
1 1 0.727185 0.0834732
1 1 0.860005 0.0543394
1 1 0.904077 0.0397956
1 1 0.728303 0.0735662
1 1 0.861328 0.0478902
1 1 0.728438 0.0649227
1 1 0.671033 0.171198
1 1 0.808934 0.0996086
1 1 0.876539 0.0644773
1 1 0.904922 0.0438061
1 1 0.916054 0.0303524
1 1 0.697043 0.102862
1 1 0.824358 0.0669613
1 1 0.866602 0.0490392
1 1 0.878619 0.037238
1 1 0.881883 0.0285628
1 1 0.769849 0.0822069
1 1 0.910461 0.0535151
1 1 0.957119 0.0391919
1 1 0.970391 0.0297604
1 1 0.77966 0.0716485
1 1 0.922065 0.0466417
1 1 0.969317 0.0341582
1 1 0.780859 0.0631449
1 1 0.923483 0.0411061
1 1 0.719456 0.146946
1 1 0.867308 0.0854981
1 1 0.939792 0.0553435
1 1 0.970223 0.0376005
1 1 0.656302 0.171198
1 1 0.776176 0.111446
1 1 0.815952 0.081618
1 1 0.827266 0.0619768
1 1 0.830339 0.0475382
1 1 0.756393 0.121809
1 1 0.894548 0.079295
1 1 0.94039 0.0580719
1 1 0.95343 0.044097
1 1 0.690884 0.244568
1 1 0.833467 0.134731
1 1 0.652249 0.0927302
1 1 0.771382 0.0603655
1 1 0.810913 0.0442088
1 1 0.822157 0.0335701
1 1 0.825211 0.0257493
1 1 0.720376 0.0741095
1 1 0.851953 0.0482438
1 1 0.895612 0.0353314
1 1 0.908031 0.026829
1 1 0.729557 0.064591
1 1 0.862811 0.0420475
1 1 0.907026 0.0307936
1 1 0.730679 0.056925
1 1 0.864138 0.0370571
1 1 0.730815 0.0502367
1 1 0.673222 0.132472
1 1 0.811573 0.0770765
1 1 0.879398 0.0498921
1 1 0.907874 0.0338969
1 1 0.919043 0.0234864
1 1 0.658443 0.132472
1 1 0.778708 0.0862365
1 1 0.818614 0.0631555
1 1 0.829965 0.0479572
1 1 0.833048 0.0367848
1 1 0.693138 0.189245
1 1 0.529799 0.458137
1 1 0.626567 0.298238
1 1 0.658676 0.218415
1 1 0.66781 0.165854
1 1 0.67029 0.127216
1 1 0.585137 0.36614
1 1 0.692012 0.23835
1 1 0.727475 0.174556
1 1 0.737562 0.13255
1 1 0.592594 0.319114
1 1 0.700831 0.207737
1 1 0.736746 0.152137
1 1 0.593505 0.28124
1 1 0.701909 0.183082
1 1 0.593615 0.248196
1 1 0.546835 0.654481
1 1 0.659213 0.380799
1 1 0.714305 0.246494
1 1 0.737435 0.167469
1 1 0.746507 0.116036
1 1 0.635401 0.278449
1 1 0.751457 0.181265
1 1 0.789967 0.13275
1 1 0.800921 0.100804
1 1 0.803896 0.0773198
1 1 0.701769 0.222535
1 1 0.829947 0.144866
1 1 0.872478 0.106093
1 1 0.884577 0.0805619
1 1 0.710713 0.193953
1 1 0.840524 0.12626
1 1 0.883598 0.0924666
1 1 0.711806 0.170934
1 1 0.841817 0.111275
1 1 0.655833 0.397784
1 1 0.79061 0.231444
1 1 0.856684 0.149815
1 1 0.884424 0.101785
1 1 0.680091 0.189633
1 1 0.80431 0.123447
1 1 0.845528 0.090407
1 1 0.857253 0.0686508
1 1 0.860437 0.0526574
1 1 0.751127 0.151554
1 1 0.88832 0.0986586
1 1 0.933843 0.0722528
1 1 0.946792 0.0548653
1 1 0.7607 0.132089
1 1 0.899642 0.0859871
1 1 0.945744 0.0629728
1 1 0.70196 0.270905
1 1 0.846216 0.157621
1 1 0.916937 0.102029
1 1 0.696235 0.135025
1 1 0.823402 0.0878985
1 1 0.865598 0.0643726
1 1 0.877601 0.0488815
1 1 0.880861 0.0374937
1 1 0.768957 0.107911
1 1 0.909407 0.070248
1 1 0.95601 0.0514462
1 1 0.969267 0.0390658
1 1 0.718623 0.192892
1 1 0.866303 0.112231
1 1 0.701726 0.0976538
1 1 0.829897 0.0635707
1 1 0.872426 0.0465561
1 1 0.884523 0.0353525
1 1 0.887809 0.0271165
1 1 0.724291 0.139505
1 1 0.550842 0.654481
1 1 0.651454 0.426054
1 1 0.684838 0.312022
1 1 0.694335 0.236934
1 1 0.696914 0.181736
1 1 0.664729 0.362812
1 1 0.786142 0.236184
1 1 0.826428 0.17297
1 1 0.837888 0.131345
1 1 0.730081 0.220983
1 1 0.863431 0.143855
1 1 0.907678 0.105353
1 1 0.762539 0.141537
1 1 0.901817 0.0921376
1 1 0.777505 0.0928604
1 1 0.614494 0.934973
1 1 0.717579 0.460006
1 1 0.801981 0.236475
1 1 0.865875 0.125838
1 1 0.911429 0.0686847
1 1 0.942538 0.0381593
2 1 0.519258 0.320696
2 1 0.614101 0.208767
2 1 0.645571 0.152891
2 1 0.654523 0.116098
2 1 0.573494 0.256298
2 1 0.678243 0.166845
2 1 0.713 0.122189
2 1 0.580803 0.22338
2 1 0.686887 0.145416
2 1 0.535955 0.458137
2 1 0.646097 0.266559
2 1 0.700093 0.172546
2 1 0.556729 0.275266
2 1 0.658415 0.179193
2 1 0.692157 0.131232
2 1 0.701755 0.0996515
2 1 0.614879 0.219991
2 1 0.727187 0.14321
2 1 0.764452 0.10488
2 1 0.574631 0.393237
2 1 0.69272 0.228799
2 1 0.559914 0.251881
2 1 0.662182 0.16397
2 1 0.696116 0.120083
2 1 0.705769 0.0911856
2 1 0.577918 0.35983
2 1 0.524189 0.458137
2 1 0.619933 0.298238
2 1 0.651702 0.218415
2 1 0.660739 0.165854
2 1 0.604132 0.325968
2 1 0.714477 0.212199
2 1 0.751091 0.155404
2 1 0.622887 0.259251
2 1 0.736657 0.168768
2 1 0.55181 0.654481
2 1 0.665691 0.360548
2 1 0.732357 0.217802
2 1 0.612371 0.211106
2 1 0.724221 0.137426
2 1 0.761334 0.100644
2 1 0.771891 0.0764244
2 1 0.676333 0.168715
2 1 0.799866 0.10983
2 1 0.840855 0.0804343
2 1 0.684953 0.147046
2 1 0.81006 0.0957239
2 1 0.632062 0.30158
2 1 0.761954 0.17547
2 1 0.825633 0.113583
2 1 0.656561 0.181201
2 1 0.776482 0.117958
2 1 0.816274 0.086387
2 1 0.827593 0.0655982
2 1 0.725139 0.144815
2 1 0.857586 0.0942717
2 1 0.901533 0.06904
2 1 0.677673 0.258859
2 1 0.816939 0.150613
2 1 0.618187 0.30158
2 1 0.731099 0.196323
2 1 0.768564 0.143778
2 1 0.779222 0.109178
2 1 0.712465 0.214577
2 1 0.842597 0.139685
2 1 0.885776 0.102299
2 1 0.650761 0.430829
2 1 0.785063 0.23734
2 1 0.642021 0.156317
2 1 0.759286 0.101759
2 1 0.798197 0.0745236
2 1 0.809265 0.0565897
2 1 0.70908 0.124928
2 1 0.838594 0.0813255
2 1 0.881568 0.0595589
2 1 0.718117 0.108882
2 1 0.849281 0.0708802
2 1 0.662666 0.22331
2 1 0.798847 0.129929
2 1 0.865609 0.084104
2 1 0.648118 0.22331
2 1 0.766497 0.14537
2 1 0.805777 0.106462
2 1 0.81695 0.0808424
2 1 0.682269 0.319014
2 1 0.529799 0.458137
2 1 0.626567 0.298238
2 1 0.658676 0.218415
2 1 0.66781 0.165854
2 1 0.585137 0.36614
2 1 0.692012 0.23835
2 1 0.727475 0.174556
2 1 0.592594 0.319114
2 1 0.700831 0.207737
2 1 0.546835 0.654481
2 1 0.659213 0.380799
2 1 0.714305 0.246494
2 1 0.635401 0.278449
2 1 0.751457 0.181265
2 1 0.789967 0.13275
2 1 0.800921 0.100804
2 1 0.701769 0.222535
2 1 0.829947 0.144866
2 1 0.872478 0.106093
2 1 0.655833 0.397784
2 1 0.79061 0.231444
2 1 0.680091 0.189633
2 1 0.80431 0.123447
2 1 0.845528 0.090407
2 1 0.857253 0.0686508
2 1 0.70196 0.270905
2 1 0.550842 0.654481
2 1 0.651454 0.426054
2 1 0.684838 0.312022
2 1 0.694335 0.236934
2 1 0.664729 0.362812
2 1 0.786142 0.236184
2 1 0.826428 0.17297
2 1 0.730081 0.220983
2 1 0.863431 0.143855
2 1 0.762539 0.141537
2 1 0.614494 0.934973
2 1 0.717579 0.460006
2 1 0.801981 0.236475
2 1 0.865875 0.125838
3 1 0.519258 0.320696
3 1 0.614101 0.208767
3 1 0.573494 0.256298
3 1 0.535955 0.458137
3 1 0.646097 0.266559
3 1 0.556729 0.275266
3 1 0.658415 0.179193
3 1 0.574631 0.393237
3 1 0.524189 0.458137
3 1 0.619933 0.298238
3 1 0.604132 0.325968
3 1 0.55181 0.654481
3 1 0.665691 0.360548
3 1 0.612371 0.211106
3 1 0.724221 0.137426
3 1 0.676333 0.168715
3 1 0.632062 0.30158
3 1 0.761954 0.17547
3 1 0.618187 0.30158
3 1 0.731099 0.196323
3 1 0.650761 0.430829
3 1 0.529799 0.458137
3 1 0.626567 0.298238
3 1 0.585137 0.36614
3 1 0.546835 0.654481
3 1 0.659213 0.380799
3 1 0.635401 0.278449
3 1 0.751457 0.181265
3 1 0.655833 0.397784
3 1 0.550842 0.654481
3 1 0.651454 0.426054
3 1 0.664729 0.362812
3 1 0.614494 0.934973
3 1 0.717579 0.460006
4 2 0.801981 0.236475
4 2 0.801981 0.236475
4 2 0.801981 0.236475
4 2 0 0
5 3 0.857586 0.0942717
5 3 0.857586 0.0942717
5 3 0.857586 0.0942717
5 3 0 0
6 4 0.945184 0.0511218
6 4 0.945184 0.0511218
6 4 0 0
6 4 0 0
