50
138.86243708972827 8.272524301115524 14 0.85
134.71066414012574 130.91990760382976 12 0.85
30.55376308997138 171.58569001677472 13 0.85
142.7033002516276 115.77104505088774 13 0.85
0.5949161644550616 184.98373748093604 13 0.85
107.33673809029614 26.568198396709185 12 0.85
72.8406149363686 186.12759537299291 11 0.85
98.09943957301229 125.05518415235818 13 0.85
127.9695140660419 41.12658687118396 11 0.85
83.50504010263899 159.22894597172817 12 0.85
66.91465610723438 203.79826751380557 12 0.85
134.10180506531896 23.783825436726936 11 0.85
74.32103433267267 110.27106856695038 14 0.85
131.95702631216594 298.61572550356067 14 0.85
53.626916112384365 187.81822457403786 14 0.85
105.20265610297638 128.8042797850497 11 0.85
8.016269355062361 247.82060862839984 12 0.85
95.45482853237938 11.319980094854188 11 0.85
105.1869003060962 174.43650651117238 11 0.85
11.00949914186487 74.52689379023664 12 0.85
63.10931122746745 40.863566900824 14 0.85
27.719204905524453 43.15174462038374 14 0.85
143.23969949668557 193.7928752287172 14 0.85
69.53754360153444 15.586312356316135 12 0.85
138.1532140520277 254.98917567887366 14 0.85
7.210615251332619 220.12171785408643 13 0.85
35.524587868110004 21.496664163831436 14 0.85
112.09884045023954 280.57173724157406 13 0.85
140.0127325904299 220.50978601999418 11 0.85
38.34155930611172 221.13239783208283 13 0.85
28.055030589458557 247.82744487588582 12 0.85
47.600745301945864 186.22343622453948 11 0.85
123.66500855621263 243.08609356091318 11 0.85
47.41138706007862 5.751971976286163 11 0.85
92.18861748869575 172.2614769661943 13 0.85
137.22242236723076 271.2275398016392 14 0.85
27.820033608557722 285.4116224780694 11 0.85
48.91457389398462 143.883345411187 14 0.85
32.30698983278307 43.88844065382408 13 0.85
84.2228346872622 12.705341362929556 12 0.85
80.23637751433552 124.58151802464428 13 0.85
108.59486689554056 206.70295371115407 13 0.85
123.75358647026563 154.29331230419535 11 0.85
73.62682754858197 100.34355657527173 11 0.85
6.418908408147367 157.7314983717571 12 0.85
47.093888366531154 30.826348484761855 12 0.85
65.5865287084605 112.69721586022328 14 0.85
63.97647208096123 201.49864658728455 13 0.85
18.342737845399654 286.4684121268199 13 0.85
53.66463095514674 33.87001882232576 12 0.85
