50
65.88363214039123 224.399546711587 11 0.85
78.69562873235151 201.88857812286724 12 0.85
102.46253169400984 42.6156802363693 12 0.85
0.11827175664034795 161.15637137080998 11 0.85
2.45747840115898 298.08711409629024 14 0.85
77.16612518614843 181.9099078143363 14 0.85
43.498987954317684 179.3540154619562 12 0.85
35.796257583149604 76.33515897820162 12 0.85
65.68090385866002 33.72735111618639 13 0.85
19.36690067258933 17.836503993891327 11 0.85
107.56776621251709 118.5440041806729 13 0.85
145.25073388640942 258.9958340848064 13 0.85
116.90517998571262 261.13505501368854 12 0.85
32.84385414353129 191.61833179330787 11 0.85
105.62405036379124 19.59710148928363 13 0.85
10.769150656195075 264.6802945645146 13 0.85
46.685842788489005 209.52752583580238 11 0.85
147.24629393540724 282.3539870227569 11 0.85
63.114785993719515 46.09235225192586 12 0.85
88.08099334928312 14.773502151886031 12 0.85
99.07030476764685 139.92940788216552 12 0.85
133.71230230229247 152.17032654340954 12 0.85
48.88879605039163 286.78834080215535 13 0.85
8.424493617652068 238.5477374833581 11 0.85
46.26679435747973 239.0606182683298 14 0.85
58.34551966957011 126.1636611322794 12 0.85
48.75457577889663 249.2950555924146 12 0.85
79.13228005018938 24.69476688670188 12 0.85
4.872171634693434 265.13714410859427 14 0.85
98.58804463056711 254.96605958995227 13 0.85
68.47779301521719 240.08197455205809 12 0.85
57.99078805024074 251.10420790400553 11 0.85
3.9836563899183997 109.13025643171373 13 0.85
55.956785621158 257.0486297878918 13 0.85
127.75584938695711 167.87929118488157 14 0.85
61.10467058424817 37.45441280737032 11 0.85
54.3723373940531 34.78956457279104 11 0.85
124.43170986607835 155.94950185911773 11 0.85
117.35439578068247 171.94581082383377 13 0.85
79.74112187021868 163.88680606296208 13 0.85
140.52424223302782 281.09621578010655 13 0.85
110.10560174733203 45.83974903848211 14 0.85
56.91773087545633 50.95177982249191 13 0.85
46.691859875782036 243.5229475115221 11 0.85
128.6661953560371 2.965216434471951 11 0.85
142.94499154726185 47.71549365609934 11 0.85
6.973780803802699 182.55919109528534 11 0.85
0.7251752864423644 119.91934821187175 13 0.85
3.2817923682252284 88.19470136084418 12 0.85
70.49541502437177 100.43821334403859 14 0.85
